Vk = 11.111111;
Fk = 2.491525424000000e+03;
Vk_1 = sqrt((2*ds/m)*Fk + (1 - 2*ds*CdA/m)*(Vk*Vk) - 2*ds*g*(sin(0)+crr*cos(0)));